+----------+--------------+----------+--------------+------+
| Student  | voto_argento | voto_oro | voto_platino | voto |
+----------+--------------+----------+--------------+------+
| VR518702 |      33      |    33    |      24      |  33  |
| VR517636 |      15      |    13    |      12      |  22  |
| VR521169 |      15      |    13    |      12      |  21  |
| VR518329 |      8       |    0     |      0       |  16  |
| VR520090 |      8       |    0     |      0       |  16  |
| VR501256 |      11      |    0     |      0       |  12  |
| VR519814 |      0       |    0     |      0       |  11  |
| VR518275 |      9       |    0     |      0       |  11  |
| VR509097 |      0       |    0     |      0       |  8   |
| VR516348 |      0       |    0     |      0       |  5   |
| VR527312 |      0       |    0     |      0       |  1   |
| VR463715 |      0       |    0     |      0       |  0   |
| VR525865 |      0       |    0     |      0       |  0   |
| VR526681 |      0       |    0     |      0       |  0   |
| VR510616 |      0       |    0     |      0       |  0   |
| VR519716 |      0       |    0     |      0       |  0   |
+----------+--------------+----------+--------------+------+
