+----------+-------+--------------+----------+--------------+------+
| Student  | Total | voto_argento | voto_oro | voto_platino | voto |
+----------+-------+--------------+----------+--------------+------+
| VR518702 |  220  |      33      |    33    |      24      |  33  |
| VR517636 |  106  |      15      |    13    |      12      |  22  |
| VR521169 |  104  |      15      |    13    |      12      |  21  |
| VR518329 |   79  |      8       |    0     |      0       |  16  |
| VR520090 |   78  |      8       |    0     |      0       |  16  |
| VR501256 |   56  |      11      |    0     |      0       |  12  |
| VR519814 |   53  |      0       |    0     |      0       |  11  |
| VR518275 |   52  |      9       |    0     |      0       |  11  |
| VR509097 |   40  |      0       |    0     |      0       |  8   |
| VR516348 |   21  |      0       |    0     |      0       |  5   |
| VR527312 |   4   |      0       |    0     |      0       |  1   |
| VR463715 |   0   |      0       |    0     |      0       |  0   |
| VR525865 |   0   |      0       |    0     |      0       |  0   |
| VR526681 |   0   |      0       |    0     |      0       |  0   |
| VR510616 |   0   |      0       |    0     |      0       |  0   |
| VR519716 |   0   |      0       |    0     |      0       |  0   |
+----------+-------+--------------+----------+--------------+------+
