+----------+----------+----------+----------------+-------+--------------+----------+--------------+------+
| Student  | dontstop | easyfall | tree_transcode | Total | voto_argento | voto_oro | voto_platino | voto |
+----------+----------+----------+----------------+-------+--------------+----------+--------------+------+
| VR518702 |    76    |    64    |       80       |  220  |      33      |    33    |      24      |  33  |
| VR517636 |    76    |    30    |       0        |  106  |      15      |    13    |      12      |  22  |
| VR521169 |    76    |    8     |       20       |  104  |      15      |    13    |      12      |  21  |
| VR518329 |    38    |    41    |       0        |   79  |      8       |    0     |      0       |  16  |
| VR520090 |    38    |    40    |       0        |   78  |      8       |    0     |      0       |  16  |
| VR501256 |    0     |    56    |       0        |   56  |      11      |    0     |      0       |  12  |
| VR519814 |    0     |    32    |       21       |   53  |      0       |    0     |      0       |  11  |
| VR518275 |    47    |    5     |       0        |   52  |      9       |    0     |      0       |  11  |
| VR509097 |    0     |    20    |       20       |   40  |      0       |    0     |      0       |  8   |
| VR516348 |    0     |    21    |       0        |   21  |      0       |    0     |      0       |  5   |
| VR527312 |    0     |    4     |       0        |   4   |      0       |    0     |      0       |  1   |
| VR463715 |    0     |    0     |       0        |   0   |      0       |    0     |      0       |  0   |
| VR525865 |    0     |    0     |       0        |   0   |      0       |    0     |      0       |  0   |
| VR526681 |    0     |    0     |       0        |   0   |      0       |    0     |      0       |  0   |
| VR510616 |    0     |    0     |       0        |   0   |      0       |    0     |      0       |  0   |
| VR519716 |    0     |    0     |       0        |   0   |      0       |    0     |      0       |  0   |
+----------+----------+----------+----------------+-------+--------------+----------+--------------+------+
