+----------+-------+------------+----------------+-------+--------------+----------+--------------+------+
| Student  | maree | palloncini | line_intervals | Total | voto_argento | voto_oro | voto_platino | voto |
+----------+-------+------------+----------------+-------+--------------+----------+--------------+------+
| VR519372 |   81  |     91     |       76       |  248  |      33      |    33    |      0       |  33  |
| VR521169 |   71  |     90     |       67       |  228  |      33      |    12    |      0       |  33  |
| VR518329 |   46  |     80     |       78       |  204  |      33      |    23    |      0       |  33  |
| VR518275 |   81  |     60     |       48       |  189  |      30      |    12    |      0       |  32  |
| VR457803 |   52  |    120     |       0        |  172  |      27      |    16    |      15      |  29  |
| VR520090 |   50  |     61     |       53       |  164  |      28      |    0     |      0       |  28  |
| VR463715 |   44  |     72     |       0        |  116  |      19      |    0     |      0       |  20  |
| VR519716 |   71  |     0      |       0        |   71  |      11      |    0     |      0       |  12  |
| VR527312 |   0   |     20     |       0        |   20  |      0       |    0     |      0       |  4   |
| VR477780 |   9   |     0      |       0        |   9   |      2       |    0     |      0       |  2   |
| VR501256 |   0   |     0      |       0        |   0   |      0       |    0     |      0       |  0   |
+----------+-------+------------+----------------+-------+--------------+----------+--------------+------+
