+----------+-------+--------------+----------+--------------+------+
| Student  | Total | voto_argento | voto_oro | voto_platino | voto |
+----------+-------+--------------+----------+--------------+------+
| VR519372 |  248  |      33      |    33    |      0       |  33  |
| VR521169 |  228  |      33      |    12    |      0       |  33  |
| VR518329 |  204  |      33      |    23    |      0       |  33  |
| VR518275 |  189  |      30      |    12    |      0       |  32  |
| VR457803 |  172  |      27      |    16    |      15      |  29  |
| VR520090 |  164  |      28      |    0     |      0       |  28  |
| VR463715 |  116  |      19      |    0     |      0       |  20  |
| VR519716 |   71  |      11      |    0     |      0       |  12  |
| VR527312 |   20  |      0       |    0     |      0       |  4   |
| VR477780 |   9   |      2       |    0     |      0       |  2   |
| VR501256 |   0   |      0       |    0     |      0       |  0   |
+----------+-------+--------------+----------+--------------+------+
