+----------+--------------+------------+-------+-------+--------------+----------+--------------+------+
| Student  | piast_1_or_k | pingu_gift | tecla | Total | voto_argento | voto_oro | voto_platino | voto |
+----------+--------------+------------+-------+-------+--------------+----------+--------------+------+
| VR525865 |      60      |     92     |   87  |  239  |      33      |    33    |      31      |  33  |
| VR542244 |      71      |     48     |   87  |  206  |      33      |    16    |      15      |  33  |
| VR544104 |      24      |     92     |   75  |  191  |      33      |    31    |      16      |  33  |
| VR518313 |      32      |     92     |   61  |  185  |      32      |    17    |      16      |  33  |
| VR533005 |      90      |     92     |   0   |  182  |      33      |    33    |      31      |  33  |
| VR544218 |      76      |     92     |   5   |  173  |      33      |    31    |      16      |  33  |
| VR518918 |      71      |     0      |   87  |  158  |      33      |    16    |      15      |  33  |
| VR537386 |      30      |     50     |   69  |  149  |      15      |    13    |      0       |  33  |
| VR537024 |      60      |     0      |   87  |  147  |      31      |    16    |      15      |  33  |
| VR473444 |      0       |     0      |   30  |   30  |      0       |    0     |      0       |  7   |
+----------+--------------+------------+-------+-------+--------------+----------+--------------+------+
