+----------+-------+--------------+----------+--------------+------+
| Student  | Total | voto_argento | voto_oro | voto_platino | voto |
+----------+-------+--------------+----------+--------------+------+
| VR525865 |  239  |      33      |    33    |      31      |  33  |
| VR542244 |  206  |      33      |    16    |      15      |  33  |
| VR544104 |  191  |      33      |    31    |      16      |  33  |
| VR518313 |  185  |      32      |    17    |      16      |  33  |
| VR533005 |  182  |      33      |    33    |      31      |  33  |
| VR544218 |  173  |      33      |    31    |      16      |  33  |
| VR518918 |  158  |      33      |    16    |      15      |  33  |
| VR537386 |  149  |      15      |    13    |      0       |  33  |
| VR537024 |  147  |      31      |    16    |      15      |  33  |
| VR473444 |   30  |      0       |    0     |      0       |  7   |
+----------+-------+--------------+----------+--------------+------+
